
This summary file was generated by SubDyn  on 24-Oct-2019 at 11:26:48.

Unless specified, units are consistent with Input units, [SI] system is advised.
____________________________________________________________________________________________________

Number of nodes (NNodes):    64
Node No. Y2Mesh Node           X (m)           Y (m)           Z (m)
-------- ----------- --------------- --------------- ---------------
       1           9          6.0000          6.0000        -45.5000
       2          10          6.0000          6.0000        -45.0000
       3          11          5.9670          5.9670        -44.0010
       4          12          5.9390          5.9390        -43.1270
       5          13          5.3330          5.3330        -24.6140
       6          14         -6.0000          6.0000        -45.5000
       7          15         -6.0000          6.0000        -45.0000
       8          16         -5.9670          5.9670        -44.0010
       9          17         -5.9390          5.9390        -43.1270
      10          18         -5.3330          5.3330        -24.6140
      11          19         -6.0000         -6.0000        -45.5000
      12          20         -6.0000         -6.0000        -45.0000
      13          21         -5.9670         -5.9670        -44.0010
      14          22         -5.9390         -5.9390        -43.1270
      15          23         -5.3330         -5.3330        -24.6140
      16          24          6.0000         -6.0000        -45.5000
      17          25          6.0000         -6.0000        -45.0000
      18          26          5.9670         -5.9670        -44.0010
      19          27          5.9390         -5.9390        -43.1270
      20          28          5.3330         -5.3330        -24.6140
      21          29          4.8200          4.8200         -8.9220
      22          30          4.3850          4.3850          4.3780
      23          31          4.0160          4.0160         15.6510
      24           1          4.0000          4.0000         16.1500
      25          32         -4.8200          4.8200         -8.9220
      26          33         -4.3850          4.3850          4.3780
      27          34         -4.0160          4.0160         15.6510
      28           2         -4.0000          4.0000         16.1500
      29          35         -4.8200         -4.8200         -8.9220
      30          36         -4.3850         -4.3850          4.3780
      31          37         -4.0160         -4.0160         15.6510
      32           3         -4.0000         -4.0000         16.1500
      33          38          4.8200         -4.8200         -8.9220
      34          39          4.3850         -4.3850          4.3780
      35          40          4.0160         -4.0160         15.6510
      36           4          4.0000         -4.0000         16.1500
      37          41          5.6200          0.0000        -33.3730
      38          42         -5.6200          0.0000        -33.3730
      39          43          0.0000          5.6200        -33.3730
      40          44          0.0000         -5.6200        -33.3730
      41          45          5.0640          0.0000        -16.3710
      42          46         -5.0640          0.0000        -16.3710
      43          47          0.0000          5.0640        -16.3710
      44          48          0.0000         -5.0640        -16.3710
      45          49          4.5920          0.0000         -1.9580
      46          50         -4.5920          0.0000         -1.9580
      47          51          0.0000          4.5920         -1.9580
      48          52          0.0000         -4.5920         -1.9580
      49          53          4.1930          0.0000         10.2620
      50          54         -4.1930          0.0000         10.2620
      51          55          0.0000          4.1930         10.2620
      52          56          0.0000         -4.1930         10.2620
      53           5          4.0000          4.0000         20.1500
      54           6         -4.0000          4.0000         20.1500
      55           7          4.0000         -4.0000         20.1500
      56           8         -4.0000         -4.0000         20.1500
      57          57          6.0000         -6.0000        -49.5000
      58          58          6.0000          6.0000        -49.5000
      59          59         -6.0000         -6.0000        -49.5000
      60          60         -6.0000          6.0000        -49.5000
      61          61          6.0000         -6.0000        -50.0010
      62          62          6.0000          6.0000        -50.0010
      63          63         -6.0000         -6.0000        -50.0010
      64          64         -6.0000          6.0000        -50.0010

Number of elements (NElems):   112
Elem No.    Node_I    Node_J    Prop_I    Prop_J
       1         1         2         2         2
       2         2         3         2         2
       3         3         4         2         2
       4         4         5         2         2
       5         6         7         2         2
       6         7         8         2         2
       7         8         9         2         2
       8         9        10         2         2
       9        11        12         2         2
      10        12        13         2         2
      11        13        14         2         2
      12        14        15         2         2
      13        16        17         2         2
      14        17        18         2         2
      15        18        19         2         2
      16        19        20         2         2
      17         5        21         3         3
      18        21        22         3         3
      19        22        23         3         3
      20        23        24         3         3
      21        10        25         3         3
      22        25        26         3         3
      23        26        27         3         3
      24        27        28         3         3
      25        15        29         3         3
      26        29        30         3         3
      27        30        31         3         3
      28        31        32         3         3
      29        20        33         3         3
      30        33        34         3         3
      31        34        35         3         3
      32        35        36         3         3
      33         8         3         1         1
      34        13         8         1         1
      35        13        18         1         1
      36        18         3         1         1
      37         4        37         1         1
      38        37        20         1         1
      39        19        37         1         1
      40        37         5         1         1
      41         9        38         1         1
      42        38        15         1         1
      43        14        38         1         1
      44        38        10         1         1
      45         4        39         1         1
      46        39        10         1         1
      47         9        39         1         1
      48        39         5         1         1
      49        19        40         1         1
      50        40        15         1         1
      51        14        40         1         1
      52        40        20         1         1
      53         5        41         1         1
      54        41        33         1         1
      55        20        41         1         1
      56        41        21         1         1
      57        10        42         1         1
      58        42        29         1         1
      59        15        42         1         1
      60        42        25         1         1
      61         5        43         1         1
      62        43        25         1         1
      63        10        43         1         1
      64        43        21         1         1
      65        20        44         1         1
      66        44        29         1         1
      67        15        44         1         1
      68        44        33         1         1
      69        21        45         1         1
      70        45        34         1         1
      71        33        45         1         1
      72        45        22         1         1
      73        25        46         1         1
      74        46        30         1         1
      75        29        46         1         1
      76        46        26         1         1
      77        21        47         1         1
      78        47        26         1         1
      79        25        47         1         1
      80        47        22         1         1
      81        33        48         1         1
      82        48        30         1         1
      83        29        48         1         1
      84        48        34         1         1
      85        22        49         1         1
      86        49        35         1         1
      87        34        49         1         1
      88        49        23         1         1
      89        26        50         1         1
      90        50        31         1         1
      91        30        50         1         1
      92        50        27         1         1
      93        22        51         1         1
      94        51        27         1         1
      95        26        51         1         1
      96        51        23         1         1
      97        34        52         1         1
      98        52        31         1         1
      99        30        52         1         1
     100        52        35         1         1
     101        24        53         4         4
     102        28        54         4         4
     103        32        56         4         4
     104        36        55         4         4
     105        58         1         5         5
     106        57        16         5         5
     107        60         6         5         5
     108        59        11         5         5
     109        62        58         6         6
     110        61        57         6         6
     111        64        60         6         6
     112        63        59         6         6

Number of properties (NProps):     6
Prop No.         YoungE         ShearG        MatDens          XsecD          XsecT
       1   0.210000E+12   0.807690E+11   0.785000E+04   0.800000E+00   0.200000E-01
       2   0.210000E+12   0.807690E+11   0.785000E+04   0.120000E+01   0.500000E-01
       3   0.210000E+12   0.807690E+11   0.785000E+04   0.120000E+01   0.350000E-01
       4   0.210000E+12   0.807690E+11   0.785000E+04   0.120000E+01   0.400000E-01
       5   0.210000E+12   0.807690E+11   0.333912E+04   0.208200E+01   0.491000E+00
       6   0.210000E+12   0.807690E+11   0.785000E+04   0.208200E+01   0.600000E-01

No. of Reaction DOFs:    24
Reaction DOF_ID  LOCK
       361         1
       362         1
       363         1
       364         1
       365         1
       366         1
       367         1
       368         1
       369         1
       370         1
       371         1
       372         1
       373         1
       374         1
       375         1
       376         1
       377         1
       378         1
       379         1
       380         1
       381         1
       382         1
       383         1
       384         1

No. of Interface DOFs:    48
Interface DOF ID  LOCK
       139         1
       140         1
       141         1
       142         1
       143         1
       144         1
       163         1
       164         1
       165         1
       166         1
       167         1
       168         1
       187         1
       188         1
       189         1
       190         1
       191         1
       192         1
       211         1
       212         1
       213         1
       214         1
       215         1
       216         1
       313         1
       314         1
       315         1
       316         1
       317         1
       318         1
       319         1
       320         1
       321         1
       322         1
       323         1
       324         1
       325         1
       326         1
       327         1
       328         1
       329         1
       330         1
       331         1
       332         1
       333         1
       334         1
       335         1
       336         1

Number of concentrated masses (NCMass):     0
JointCMass           Mass            JXX            JYY            JZZ


Number of members   112
Number of nodes per member:     2
Member ID Joint1_ID Joint2_ID           Mass     Node IDs...
        1         1         2   0.709018E+03        1     2
        2         2         3   0.141816E+04        2     3
        3         3         4   0.124064E+04        3     4
        4         4         5   0.262802E+05        4     5
        5         6         7   0.709018E+03        6     7
        6         7         8   0.141816E+04        7     8
        7         8         9   0.124064E+04        8     9
        8         9        10   0.262802E+05        9    10
        9        11        12   0.709018E+03       11    12
       10        12        13   0.141816E+04       12    13
       11        13        14   0.124064E+04       13    14
       12        14        15   0.262802E+05       14    15
       13        16        17   0.709018E+03       16    17
       14        17        18   0.141816E+04       17    18
       15        18        19   0.124064E+04       18    19
       16        19        20   0.262802E+05       19    20
       17         5        21   0.157963E+05        5    21
       18        21        22   0.133884E+05       21    22
       19        22        23   0.113480E+05       22    23
       20        23        24   0.502296E+03       23    24
       21        10        25   0.157963E+05       10    25
       22        25        26   0.133884E+05       25    26
       23        26        27   0.113480E+05       26    27
       24        27        28   0.502296E+03       27    28
       25        15        29   0.157963E+05       15    29
       26        29        30   0.133884E+05       29    30
       27        30        31   0.113480E+05       30    31
       28        31        32   0.502296E+03       31    32
       29        20        33   0.157963E+05       20    33
       30        33        34   0.133884E+05       33    34
       31        34        35   0.113480E+05       34    35
       32        35        36   0.502296E+03       35    36
       33         8         3   0.459124E+04        8     3
       34        13         8   0.459124E+04       13     8
       35        13        18   0.459124E+04       13    18
       36        18         3   0.459124E+04       18     3
       37         4        37   0.439514E+04        4    37
       38        37        20   0.394677E+04       37    20
       39        19        37   0.439514E+04       19    37
       40        37         5   0.394677E+04       37     5
       41         9        38   0.439514E+04        9    38
       42        38        15   0.394677E+04       38    15
       43        14        38   0.439514E+04       14    38
       44        38        10   0.394677E+04       38    10
       45         4        39   0.439514E+04        4    39
       46        39        10   0.394677E+04       39    10
       47         9        39   0.439514E+04        9    39
       48        39         5   0.394677E+04       39     5
       49        19        40   0.439514E+04       19    40
       50        40        15   0.394677E+04       40    15
       51        14        40   0.439514E+04       14    40
       52        40        20   0.394677E+04       40    20
       53         5        41   0.377849E+04        5    41
       54        41        33   0.341469E+04       41    33
       55        20        41   0.377849E+04       20    41
       56        41        21   0.341469E+04       41    21
       57        10        42   0.377849E+04       10    42
       58        42        29   0.341469E+04       42    29
       59        15        42   0.377849E+04       15    42
       60        42        25   0.341469E+04       42    25
       61         5        43   0.377849E+04        5    43
       62        43        25   0.341469E+04       43    25
       63        10        43   0.377849E+04       10    43
       64        43        21   0.341469E+04       43    21
       65        20        44   0.377849E+04       20    44
       66        44        29   0.341469E+04       44    29
       67        15        44   0.377849E+04       15    44
       68        44        33   0.341469E+04       44    33
       69        21        45   0.325950E+04       21    45
       70        45        34   0.296549E+04       45    34
       71        33        45   0.325950E+04       33    45
       72        45        22   0.296549E+04       45    22
       73        25        46   0.325950E+04       25    46
       74        46        30   0.296549E+04       46    30
       75        29        46   0.325950E+04       29    46
       76        46        26   0.296549E+04       46    26
       77        21        47   0.325950E+04       21    47
       78        47        26   0.296549E+04       47    26
       79        25        47   0.325950E+04       25    47
       80        47        22   0.296549E+04       47    22
       81        33        48   0.325950E+04       33    48
       82        48        30   0.296549E+04       48    30
       83        29        48   0.325950E+04       29    48
       84        48        34   0.296549E+04       48    34
       85        22        49   0.282413E+04       22    49
       86        49        35   0.258653E+04       49    35
       87        34        49   0.282413E+04       34    49
       88        49        23   0.258653E+04       49    23
       89        26        50   0.282413E+04       26    50
       90        50        31   0.258653E+04       50    31
       91        30        50   0.282413E+04       30    50
       92        50        27   0.258653E+04       50    27
       93        22        51   0.282413E+04       22    51
       94        51        27   0.258653E+04       51    27
       95        26        51   0.282413E+04       26    51
       96        51        23   0.258653E+04       51    23
       97        34        52   0.282413E+04       34    52
       98        52        31   0.258653E+04       52    31
       99        30        52   0.282413E+04       30    52
      100        52        35   0.258653E+04       52    35
      101        24        53   0.457717E+04       24    53
      102        28        54   0.457717E+04       28    54
      103        32        56   0.457717E+04       32    56
      104        36        55   0.457717E+04       36    55
      105        58         1   0.327788E+05       58     1
      106        57        16   0.327788E+05       57    16
      107        60         6   0.327788E+05       60     6
      108        59        11   0.327788E+05       59    11
      109        62        58   0.149896E+04       62    58
      110        61        57   0.149896E+04       61    57
      111        64        60   0.149896E+04       64    60
      112        63        59   0.149896E+04       63    59
____________________________________________________________________________________________________
Direction Cosine Matrices for all Members: GLOBAL-2-LOCAL. No. of 3x3 matrices=   112
Member ID        DC(1,1)        DC(1,2)        DC(1,3)        DC(2,1)        DC(2,2)        DC(2,3)        DC(3,1)        DC(3,2)        DC(3,3)
        1   0.100000E+01   0.000000E+00   0.000000E+00   0.000000E+00   0.100000E+01   0.000000E+00   0.000000E+00   0.000000E+00   0.100000E+01
        2  -0.707107E+00   0.707107E+00   0.000000E+00  -0.706336E+00  -0.706336E+00  -0.466648E-01  -0.329970E-01  -0.329970E-01   0.998911E+00
        3  -0.707107E+00   0.707107E+00   0.000000E+00  -0.706382E+00  -0.706382E+00  -0.452600E-01  -0.320036E-01  -0.320036E-01   0.998975E+00
        4  -0.707107E+00   0.707107E+00   0.000000E+00  -0.706350E+00  -0.706350E+00  -0.462430E-01  -0.326987E-01  -0.326987E-01   0.998930E+00
        5   0.100000E+01   0.000000E+00   0.000000E+00   0.000000E+00   0.100000E+01   0.000000E+00   0.000000E+00   0.000000E+00   0.100000E+01
        6  -0.707107E+00  -0.707107E+00   0.000000E+00   0.706336E+00  -0.706336E+00  -0.466648E-01   0.329970E-01  -0.329970E-01   0.998911E+00
        7  -0.707107E+00  -0.707107E+00   0.000000E+00   0.706382E+00  -0.706382E+00  -0.452600E-01   0.320036E-01  -0.320036E-01   0.998975E+00
        8  -0.707107E+00  -0.707107E+00   0.000000E+00   0.706350E+00  -0.706350E+00  -0.462430E-01   0.326987E-01  -0.326987E-01   0.998930E+00
        9   0.100000E+01   0.000000E+00   0.000000E+00   0.000000E+00   0.100000E+01   0.000000E+00   0.000000E+00   0.000000E+00   0.100000E+01
       10   0.707107E+00  -0.707107E+00   0.000000E+00   0.706336E+00   0.706336E+00  -0.466648E-01   0.329970E-01   0.329970E-01   0.998911E+00
       11   0.707107E+00  -0.707107E+00   0.000000E+00   0.706382E+00   0.706382E+00  -0.452600E-01   0.320036E-01   0.320036E-01   0.998975E+00
       12   0.707107E+00  -0.707107E+00   0.000000E+00   0.706350E+00   0.706350E+00  -0.462430E-01   0.326987E-01   0.326987E-01   0.998930E+00
       13   0.100000E+01   0.000000E+00   0.000000E+00   0.000000E+00   0.100000E+01   0.000000E+00   0.000000E+00   0.000000E+00   0.100000E+01
       14   0.707107E+00   0.707107E+00   0.000000E+00  -0.706336E+00   0.706336E+00  -0.466648E-01  -0.329970E-01   0.329970E-01   0.998911E+00
       15   0.707107E+00   0.707107E+00   0.000000E+00  -0.706382E+00   0.706382E+00  -0.452600E-01  -0.320036E-01   0.320036E-01   0.998975E+00
       16   0.707107E+00   0.707107E+00   0.000000E+00  -0.706350E+00   0.706350E+00  -0.462430E-01  -0.326987E-01   0.326987E-01   0.998930E+00
       17  -0.707107E+00   0.707107E+00   0.000000E+00  -0.706352E+00  -0.706352E+00  -0.461839E-01  -0.326569E-01  -0.326569E-01   0.998933E+00
       18  -0.707107E+00   0.707107E+00   0.000000E+00  -0.706352E+00  -0.706352E+00  -0.462049E-01  -0.326718E-01  -0.326718E-01   0.998932E+00
       19  -0.707107E+00   0.707107E+00   0.000000E+00  -0.706350E+00  -0.706350E+00  -0.462421E-01  -0.326981E-01  -0.326981E-01   0.998930E+00
       20  -0.707107E+00   0.707107E+00   0.000000E+00  -0.706381E+00  -0.706381E+00  -0.452984E-01  -0.320308E-01  -0.320308E-01   0.998973E+00
       21  -0.707107E+00  -0.707107E+00   0.000000E+00   0.706352E+00  -0.706352E+00  -0.461839E-01   0.326569E-01  -0.326569E-01   0.998933E+00
       22  -0.707107E+00  -0.707107E+00   0.000000E+00   0.706352E+00  -0.706352E+00  -0.462049E-01   0.326718E-01  -0.326718E-01   0.998932E+00
       23  -0.707107E+00  -0.707107E+00   0.000000E+00   0.706350E+00  -0.706350E+00  -0.462421E-01   0.326981E-01  -0.326981E-01   0.998930E+00
       24  -0.707107E+00  -0.707107E+00   0.000000E+00   0.706381E+00  -0.706381E+00  -0.452984E-01   0.320308E-01  -0.320308E-01   0.998973E+00
       25   0.707107E+00  -0.707107E+00   0.000000E+00   0.706352E+00   0.706352E+00  -0.461839E-01   0.326569E-01   0.326569E-01   0.998933E+00
       26   0.707107E+00  -0.707107E+00   0.000000E+00   0.706352E+00   0.706352E+00  -0.462049E-01   0.326718E-01   0.326718E-01   0.998932E+00
       27   0.707107E+00  -0.707107E+00   0.000000E+00   0.706350E+00   0.706350E+00  -0.462421E-01   0.326981E-01   0.326981E-01   0.998930E+00
       28   0.707107E+00  -0.707107E+00   0.000000E+00   0.706381E+00   0.706381E+00  -0.452984E-01   0.320308E-01   0.320308E-01   0.998973E+00
       29   0.707107E+00   0.707107E+00   0.000000E+00  -0.706352E+00   0.706352E+00  -0.461839E-01  -0.326569E-01   0.326569E-01   0.998933E+00
       30   0.707107E+00   0.707107E+00   0.000000E+00  -0.706352E+00   0.706352E+00  -0.462049E-01  -0.326718E-01   0.326718E-01   0.998932E+00
       31   0.707107E+00   0.707107E+00   0.000000E+00  -0.706350E+00   0.706350E+00  -0.462421E-01  -0.326981E-01   0.326981E-01   0.998930E+00
       32   0.707107E+00   0.707107E+00   0.000000E+00  -0.706381E+00   0.706381E+00  -0.452984E-01  -0.320308E-01   0.320308E-01   0.998973E+00
       33   0.000000E+00  -0.100000E+01   0.000000E+00   0.000000E+00   0.000000E+00  -0.100000E+01   0.100000E+01   0.000000E+00   0.000000E+00
       34   0.100000E+01  -0.000000E+00   0.000000E+00   0.000000E+00   0.000000E+00  -0.100000E+01   0.000000E+00   0.100000E+01   0.000000E+00
       35   0.000000E+00  -0.100000E+01   0.000000E+00   0.000000E+00   0.000000E+00  -0.100000E+01   0.100000E+01   0.000000E+00   0.000000E+00
       36   0.100000E+01  -0.000000E+00   0.000000E+00   0.000000E+00   0.000000E+00  -0.100000E+01   0.000000E+00   0.100000E+01   0.000000E+00
       37  -0.998561E+00   0.536355E-01   0.000000E+00  -0.457938E-01  -0.852567E+00  -0.520608E+00  -0.279230E-01  -0.519858E+00   0.853796E+00
       38  -0.998555E+00   0.537380E-01   0.000000E+00  -0.458817E-01  -0.852568E+00  -0.520598E+00  -0.279759E-01  -0.519845E+00   0.853802E+00
       39   0.998561E+00   0.536355E-01   0.000000E+00  -0.457938E-01   0.852567E+00  -0.520608E+00  -0.279230E-01   0.519858E+00   0.853796E+00
       40   0.998555E+00   0.537380E-01   0.000000E+00  -0.458817E-01   0.852568E+00  -0.520598E+00  -0.279759E-01   0.519845E+00   0.853802E+00
       41  -0.998561E+00  -0.536355E-01   0.000000E+00   0.457938E-01  -0.852567E+00  -0.520608E+00   0.279230E-01  -0.519858E+00   0.853796E+00
       42  -0.998555E+00  -0.537380E-01   0.000000E+00   0.458817E-01  -0.852568E+00  -0.520598E+00   0.279759E-01  -0.519845E+00   0.853802E+00
       43   0.998561E+00  -0.536355E-01   0.000000E+00   0.457938E-01   0.852567E+00  -0.520608E+00   0.279230E-01   0.519858E+00   0.853796E+00
       44   0.998555E+00  -0.537380E-01   0.000000E+00   0.458817E-01   0.852568E+00  -0.520598E+00   0.279759E-01   0.519845E+00   0.853802E+00
       45  -0.536355E-01   0.998561E+00   0.000000E+00  -0.852567E+00  -0.457938E-01  -0.520608E+00  -0.519858E+00  -0.279230E-01   0.853796E+00
       46  -0.537380E-01   0.998555E+00   0.000000E+00  -0.852568E+00  -0.458817E-01  -0.520598E+00  -0.519845E+00  -0.279759E-01   0.853802E+00
       47  -0.536355E-01  -0.998561E+00   0.000000E+00   0.852567E+00  -0.457938E-01  -0.520608E+00   0.519858E+00  -0.279230E-01   0.853796E+00
       48  -0.537380E-01  -0.998555E+00   0.000000E+00   0.852568E+00  -0.458817E-01  -0.520598E+00   0.519845E+00  -0.279759E-01   0.853802E+00
       49   0.536355E-01   0.998561E+00   0.000000E+00  -0.852567E+00   0.457938E-01  -0.520608E+00  -0.519858E+00   0.279230E-01   0.853796E+00
       50   0.537380E-01   0.998555E+00   0.000000E+00  -0.852568E+00   0.458817E-01  -0.520598E+00  -0.519845E+00   0.279759E-01   0.853802E+00
       51   0.536355E-01  -0.998561E+00   0.000000E+00   0.852567E+00   0.457938E-01  -0.520608E+00   0.519858E+00   0.279230E-01   0.853796E+00
       52   0.537380E-01  -0.998555E+00   0.000000E+00   0.852568E+00   0.458817E-01  -0.520598E+00   0.519845E+00   0.279759E-01   0.853802E+00
       53  -0.998730E+00   0.503766E-01   0.000000E+00  -0.422805E-01  -0.838222E+00  -0.543687E+00  -0.273891E-01  -0.542997E+00   0.839288E+00
       54  -0.998721E+00   0.505577E-01   0.000000E+00  -0.424305E-01  -0.838177E+00  -0.543746E+00  -0.274905E-01  -0.543051E+00   0.839250E+00
       55   0.998730E+00   0.503766E-01   0.000000E+00  -0.422805E-01   0.838222E+00  -0.543687E+00  -0.273891E-01   0.542997E+00   0.839288E+00
       56   0.998721E+00   0.505577E-01   0.000000E+00  -0.424305E-01   0.838177E+00  -0.543746E+00  -0.274905E-01   0.543051E+00   0.839250E+00
       57  -0.998730E+00  -0.503766E-01   0.000000E+00   0.422805E-01  -0.838222E+00  -0.543687E+00   0.273891E-01  -0.542997E+00   0.839288E+00
       58  -0.998721E+00  -0.505577E-01   0.000000E+00   0.424305E-01  -0.838177E+00  -0.543746E+00   0.274905E-01  -0.543051E+00   0.839250E+00
       59   0.998730E+00  -0.503766E-01   0.000000E+00   0.422805E-01   0.838222E+00  -0.543687E+00   0.273891E-01   0.542997E+00   0.839288E+00
       60   0.998721E+00  -0.505577E-01   0.000000E+00   0.424305E-01   0.838177E+00  -0.543746E+00   0.274905E-01   0.543051E+00   0.839250E+00
       61  -0.503766E-01   0.998730E+00   0.000000E+00  -0.838222E+00  -0.422805E-01  -0.543687E+00  -0.542997E+00  -0.273891E-01   0.839288E+00
       62  -0.505577E-01   0.998721E+00   0.000000E+00  -0.838177E+00  -0.424305E-01  -0.543746E+00  -0.543051E+00  -0.274905E-01   0.839250E+00
       63  -0.503766E-01  -0.998730E+00   0.000000E+00   0.838222E+00  -0.422805E-01  -0.543687E+00   0.542997E+00  -0.273891E-01   0.839288E+00
       64  -0.505577E-01  -0.998721E+00   0.000000E+00   0.838177E+00  -0.424305E-01  -0.543746E+00   0.543051E+00  -0.274905E-01   0.839250E+00
       65   0.503766E-01   0.998730E+00   0.000000E+00  -0.838222E+00   0.422805E-01  -0.543687E+00  -0.542997E+00   0.273891E-01   0.839288E+00
       66   0.505577E-01   0.998721E+00   0.000000E+00  -0.838177E+00   0.424305E-01  -0.543746E+00  -0.543051E+00   0.274905E-01   0.839250E+00
       67   0.503766E-01  -0.998730E+00   0.000000E+00   0.838222E+00   0.422805E-01  -0.543687E+00   0.542997E+00   0.273891E-01   0.839288E+00
       68   0.505577E-01  -0.998721E+00   0.000000E+00   0.838177E+00   0.424305E-01  -0.543746E+00   0.543051E+00   0.274905E-01   0.839250E+00
       69  -0.998883E+00   0.472501E-01   0.000000E+00  -0.388378E-01  -0.821044E+00  -0.569542E+00  -0.269109E-01  -0.568906E+00   0.821962E+00
       70  -0.998888E+00   0.471538E-01   0.000000E+00  -0.387597E-01  -0.821070E+00  -0.569510E+00  -0.268546E-01  -0.568877E+00   0.821984E+00
       71   0.998883E+00   0.472501E-01   0.000000E+00  -0.388378E-01   0.821044E+00  -0.569542E+00  -0.269109E-01   0.568906E+00   0.821962E+00
       72   0.998888E+00   0.471538E-01   0.000000E+00  -0.387597E-01   0.821070E+00  -0.569510E+00  -0.268546E-01   0.568877E+00   0.821984E+00
       73  -0.998883E+00  -0.472501E-01   0.000000E+00   0.388378E-01  -0.821044E+00  -0.569542E+00   0.269109E-01  -0.568906E+00   0.821962E+00
       74  -0.998888E+00  -0.471538E-01   0.000000E+00   0.387597E-01  -0.821070E+00  -0.569510E+00   0.268546E-01  -0.568877E+00   0.821984E+00
       75   0.998883E+00  -0.472501E-01   0.000000E+00   0.388378E-01   0.821044E+00  -0.569542E+00   0.269109E-01   0.568906E+00   0.821962E+00
       76   0.998888E+00  -0.471538E-01   0.000000E+00   0.387597E-01   0.821070E+00  -0.569510E+00   0.268546E-01   0.568877E+00   0.821984E+00
       77  -0.472501E-01   0.998883E+00   0.000000E+00  -0.821044E+00  -0.388378E-01  -0.569542E+00  -0.568906E+00  -0.269109E-01   0.821962E+00
       78  -0.471538E-01   0.998888E+00   0.000000E+00  -0.821070E+00  -0.387597E-01  -0.569510E+00  -0.568877E+00  -0.268546E-01   0.821984E+00
       79  -0.472501E-01  -0.998883E+00   0.000000E+00   0.821044E+00  -0.388378E-01  -0.569542E+00   0.568906E+00  -0.269109E-01   0.821962E+00
       80  -0.471538E-01  -0.998888E+00   0.000000E+00   0.821070E+00  -0.387597E-01  -0.569510E+00   0.568877E+00  -0.268546E-01   0.821984E+00
       81   0.472501E-01   0.998883E+00   0.000000E+00  -0.821044E+00   0.388378E-01  -0.569542E+00  -0.568906E+00   0.269109E-01   0.821962E+00
       82   0.471538E-01   0.998888E+00   0.000000E+00  -0.821070E+00   0.387597E-01  -0.569510E+00  -0.568877E+00   0.268546E-01   0.821984E+00
       83   0.472501E-01  -0.998883E+00   0.000000E+00   0.821044E+00   0.388378E-01  -0.569542E+00   0.568906E+00   0.269109E-01   0.821962E+00
       84   0.471538E-01  -0.998888E+00   0.000000E+00   0.821070E+00   0.387597E-01  -0.569510E+00   0.568877E+00   0.268546E-01   0.821984E+00
       85  -0.999043E+00   0.437438E-01   0.000000E+00  -0.350630E-01  -0.800786E+00  -0.597923E+00  -0.261554E-01  -0.597351E+00   0.801553E+00
       86  -0.999030E+00   0.440310E-01   0.000000E+00  -0.352934E-01  -0.800780E+00  -0.597918E+00  -0.263269E-01  -0.597338E+00   0.801557E+00
       87   0.999043E+00   0.437438E-01   0.000000E+00  -0.350630E-01   0.800786E+00  -0.597923E+00  -0.261554E-01   0.597351E+00   0.801553E+00
       88   0.999030E+00   0.440310E-01   0.000000E+00  -0.352934E-01   0.800780E+00  -0.597918E+00  -0.263269E-01   0.597338E+00   0.801557E+00
       89  -0.999043E+00  -0.437438E-01   0.000000E+00   0.350630E-01  -0.800786E+00  -0.597923E+00   0.261554E-01  -0.597351E+00   0.801553E+00
       90  -0.999030E+00  -0.440310E-01   0.000000E+00   0.352934E-01  -0.800780E+00  -0.597918E+00   0.263269E-01  -0.597338E+00   0.801557E+00
       91   0.999043E+00  -0.437438E-01   0.000000E+00   0.350630E-01   0.800786E+00  -0.597923E+00   0.261554E-01   0.597351E+00   0.801553E+00
       92   0.999030E+00  -0.440310E-01   0.000000E+00   0.352934E-01   0.800780E+00  -0.597918E+00   0.263269E-01   0.597338E+00   0.801557E+00
       93  -0.437438E-01   0.999043E+00   0.000000E+00  -0.800786E+00  -0.350630E-01  -0.597923E+00  -0.597351E+00  -0.261554E-01   0.801553E+00
       94  -0.440310E-01   0.999030E+00   0.000000E+00  -0.800780E+00  -0.352934E-01  -0.597918E+00  -0.597338E+00  -0.263269E-01   0.801557E+00
       95  -0.437438E-01  -0.999043E+00   0.000000E+00   0.800786E+00  -0.350630E-01  -0.597923E+00   0.597351E+00  -0.261554E-01   0.801553E+00
       96  -0.440310E-01  -0.999030E+00   0.000000E+00   0.800780E+00  -0.352934E-01  -0.597918E+00   0.597338E+00  -0.263269E-01   0.801557E+00
       97   0.437438E-01   0.999043E+00   0.000000E+00  -0.800786E+00   0.350630E-01  -0.597923E+00  -0.597351E+00   0.261554E-01   0.801553E+00
       98   0.440310E-01   0.999030E+00   0.000000E+00  -0.800780E+00   0.352934E-01  -0.597918E+00  -0.597338E+00   0.263269E-01   0.801557E+00
       99   0.437438E-01  -0.999043E+00   0.000000E+00   0.800786E+00   0.350630E-01  -0.597923E+00   0.597351E+00   0.261554E-01   0.801553E+00
      100   0.440310E-01  -0.999030E+00   0.000000E+00   0.800780E+00   0.352934E-01  -0.597918E+00   0.597338E+00   0.263269E-01   0.801557E+00
      101   0.100000E+01   0.000000E+00   0.000000E+00   0.000000E+00   0.100000E+01   0.000000E+00   0.000000E+00   0.000000E+00   0.100000E+01
      102   0.100000E+01   0.000000E+00   0.000000E+00   0.000000E+00   0.100000E+01   0.000000E+00   0.000000E+00   0.000000E+00   0.100000E+01
      103   0.100000E+01   0.000000E+00   0.000000E+00   0.000000E+00   0.100000E+01   0.000000E+00   0.000000E+00   0.000000E+00   0.100000E+01
      104   0.100000E+01   0.000000E+00   0.000000E+00   0.000000E+00   0.100000E+01   0.000000E+00   0.000000E+00   0.000000E+00   0.100000E+01
      105   0.100000E+01   0.000000E+00   0.000000E+00   0.000000E+00   0.100000E+01   0.000000E+00   0.000000E+00   0.000000E+00   0.100000E+01
      106   0.100000E+01   0.000000E+00   0.000000E+00   0.000000E+00   0.100000E+01   0.000000E+00   0.000000E+00   0.000000E+00   0.100000E+01
      107   0.100000E+01   0.000000E+00   0.000000E+00   0.000000E+00   0.100000E+01   0.000000E+00   0.000000E+00   0.000000E+00   0.100000E+01
      108   0.100000E+01   0.000000E+00   0.000000E+00   0.000000E+00   0.100000E+01   0.000000E+00   0.000000E+00   0.000000E+00   0.100000E+01
      109   0.100000E+01   0.000000E+00   0.000000E+00   0.000000E+00   0.100000E+01   0.000000E+00   0.000000E+00   0.000000E+00   0.100000E+01
      110   0.100000E+01   0.000000E+00   0.000000E+00   0.000000E+00   0.100000E+01   0.000000E+00   0.000000E+00   0.000000E+00   0.100000E+01
      111   0.100000E+01   0.000000E+00   0.000000E+00   0.000000E+00   0.100000E+01   0.000000E+00   0.000000E+00   0.000000E+00   0.100000E+01
      112   0.100000E+01   0.000000E+00   0.000000E+00   0.000000E+00   0.100000E+01   0.000000E+00   0.000000E+00   0.000000E+00   0.100000E+01
____________________________________________________________________________________________________
Eigenvalues
__________
FEM Eigenvalues [Hz]. Number of shown eigenvalues (total # of DOFs minus restrained nodes' DOFs):   360
     1   0.275779E+01
     2   0.275779E+01
     3   0.501811E+01
     4   0.544679E+01
     5   0.777670E+01
     6   0.777670E+01
     7   0.867906E+01
     8   0.907987E+01
     9   0.963173E+01
    10   0.101584E+02
    11   0.101584E+02
    12   0.108544E+02
    13   0.116006E+02
    14   0.124015E+02
    15   0.127845E+02
    16   0.128250E+02
    17   0.129706E+02
    18   0.129706E+02
    19   0.131383E+02
    20   0.131383E+02
    21   0.142905E+02
    22   0.144322E+02
    23   0.145313E+02
    24   0.150590E+02
    25   0.150590E+02
    26   0.156615E+02
    27   0.156615E+02
    28   0.157134E+02
    29   0.166312E+02
    30   0.174057E+02
    31   0.175996E+02
    32   0.175996E+02
    33   0.176793E+02
    34   0.183827E+02
    35   0.194811E+02
    36   0.194811E+02
    37   0.198061E+02
    38   0.198061E+02
    39   0.199661E+02
    40   0.207761E+02
    41   0.218082E+02
    42   0.219293E+02
    43   0.230105E+02
    44   0.230105E+02
    45   0.235092E+02
    46   0.235092E+02
    47   0.236255E+02
    48   0.248996E+02
    49   0.249299E+02
    50   0.251027E+02
    51   0.255023E+02
    52   0.279189E+02
    53   0.279189E+02
    54   0.282619E+02
    55   0.282619E+02
    56   0.292674E+02
    57   0.292674E+02
    58   0.297429E+02
    59   0.298130E+02
    60   0.299396E+02
    61   0.302249E+02
    62   0.324147E+02
    63   0.324360E+02
    64   0.324360E+02
    65   0.331323E+02
    66   0.345948E+02
    67   0.345948E+02
    68   0.354895E+02
    69   0.359107E+02
    70   0.360362E+02
    71   0.370070E+02
    72   0.370632E+02
    73   0.370632E+02
    74   0.375893E+02
    75   0.375893E+02
    76   0.402644E+02
    77   0.407286E+02
    78   0.411242E+02
    79   0.418189E+02
    80   0.420432E+02
    81   0.420432E+02
    82   0.427921E+02
    83   0.427921E+02
    84   0.428115E+02
    85   0.437600E+02
    86   0.447861E+02
    87   0.458713E+02
    88   0.458713E+02
    89   0.461404E+02
    90   0.464101E+02
    91   0.464101E+02
    92   0.474676E+02
    93   0.475756E+02
    94   0.477437E+02
    95   0.489590E+02
    96   0.489590E+02
    97   0.492341E+02
    98   0.492341E+02
    99   0.492741E+02
   100   0.507971E+02
   101   0.507971E+02
   102   0.525448E+02
   103   0.536127E+02
   104   0.539334E+02
   105   0.542503E+02
   106   0.542503E+02
   107   0.547904E+02
   108   0.551140E+02
   109   0.559594E+02
   110   0.564925E+02
   111   0.565589E+02
   112   0.565589E+02
   113   0.594950E+02
   114   0.595903E+02
   115   0.595903E+02
   116   0.597537E+02
   117   0.601222E+02
   118   0.609995E+02
   119   0.629092E+02
   120   0.629092E+02
   121   0.639732E+02
   122   0.642480E+02
   123   0.642480E+02
   124   0.644875E+02
   125   0.646017E+02
   126   0.651847E+02
   127   0.655104E+02
   128   0.655104E+02
   129   0.666400E+02
   130   0.689628E+02
   131   0.689628E+02
   132   0.692120E+02
   133   0.694428E+02
   134   0.708815E+02
   135   0.711727E+02
   136   0.711727E+02
   137   0.715669E+02
   138   0.718774E+02
   139   0.718774E+02
   140   0.735722E+02
   141   0.736216E+02
   142   0.736216E+02
   143   0.773722E+02
   144   0.785301E+02
   145   0.786456E+02
   146   0.786974E+02
   147   0.786974E+02
   148   0.808327E+02
   149   0.808942E+02
   150   0.808942E+02
   151   0.816747E+02
   152   0.819149E+02
   153   0.819149E+02
   154   0.819650E+02
   155   0.826880E+02
   156   0.841685E+02
   157   0.842037E+02
   158   0.842037E+02
   159   0.845069E+02
   160   0.862917E+02
   161   0.882853E+02
   162   0.884933E+02
